42 0.0640625 0.06875 0.12109375 0.12421875
17 0.20625 0.06796875 0.13125 0.1265625
43 0.34765625 0.0671875 0.121875 0.12890625
37 0.4953125 0.06875 0.12109375 0.125
28 0.78515625 0.06796875 0.12265625 0.1234375
27 0.9328125 0.0671875 0.12578125 0.1265625
24 0.06484375 0.27109375 0.12109375 0.12578125
23 0.20703125 0.26875 0.12890625 0.125
26 0.346875 0.26953125 0.11171875 0.12265625
44 0.49296875 0.26796875 0.11484375 0.12421875
20 0.6390625 0.26953125 0.115625 0.121875
22 0.78515625 0.26953125 0.11171875 0.12421875
21 0.9296875 0.26953125 0.11484375 0.12421875
36 0.06328125 0.453125 0.1125 0.12421875
41 0.3453125 0.45390625 0.11171875 0.125
38 0.496875 0.4546875 0.11328125 0.12578125
32 0.6390625 0.4546875 0.115625 0.12265625
16 0.7875 0.45234375 0.11328125 0.12578125
34 0.9328125 0.45234375 0.11640625 0.12890625
33 0.06171875 0.66484375 0.115625 0.128125
39 0.20703125 0.66328125 0.1203125 0.1265625
19 0.3515625 0.66328125 0.11875 0.12890625
15 0.49375 0.665625 0.11953125 0.12734375
30 0.64765625 0.6671875 0.11953125 0.1109375
29 0.79609375 0.6625 0.11640625 0.11484375
31 0.93828125 0.6640625 0.10625 0.12578125
40 0.05546875 0.86875 0.10078125 0.12578125
18 0.20078125 0.86796875 0.11484375 0.12421875
25 0.3390625 0.8703125 0.1140625 0.12734375
35 0.49296875 0.86796875 0.11640625 0.12734375