68 0.1046875 0.34609375 0.16796875 0.46875
52 0.28984375 0.37421875 0.16171875 0.45546875
65 0.46171875 0.36796875 0.1578125 0.459375
9 0.621875 0.38203125 0.1375 0.440625
53 0.75546875 0.39921875 0.14765625 0.42265625
13 0.9265625 0.41484375 0.1328125 0.4359375
76 0.1078125 0.72421875 0.115625 0.35546875
94 0.28984375 0.73984375 0.11953125 0.340625
79 0.4640625 0.7328125 0.12109375 0.35546875
90 0.6234375 0.75 0.1078125 0.33046875
83 0.753125 0.7546875 0.10390625 0.3640625
91 0.92265625 0.77265625 0.10078125 0.346875