14 0.07578125 0.05390625 0.11328125 0.10078125
61 0.21328125 0.0546875 0.11953125 0.10234375
69 0.35546875 0.0546875 0.11796875 0.10390625
64 0.4984375 0.05546875 0.11875 0.103125
63 0.6421875 0.05625 0.12109375 0.103125
50 0.7859375 0.0546875 0.1203125 0.1
46 0.9234375 0.0546875 0.1203125 0.1015625
47 0.07265625 0.215625 0.11953125 0.10234375
56 0.21015625 0.21640625 0.11640625 0.1015625
51 0.3546875 0.215625 0.121875 0.10234375
4 0.49921875 0.21484375 0.1203125 0.1046875
5 0.640625 0.2140625 0.12578125 0.103125
8 0.7875 0.2140625 0.115625 0.10234375
7 0.92734375 0.2140625 0.1203125 0.103125
3 0.071875 0.3859375 0.121875 0.10234375
66 0.215625 0.38671875 0.1203125 0.10546875
9 0.3609375 0.3875 0.11953125 0.1015625
48 0.5015625 0.38828125 0.121875 0.10625
52 0.64375 0.38671875 0.11875 0.10546875
45 0.784375 0.3875 0.121875 0.109375
11 0.9234375 0.38828125 0.11953125 0.10234375
10 0.07421875 0.5609375 0.11875 0.103125
1 0.21171875 0.56171875 0.1203125 0.1046875
12 0.35625 0.5609375 0.11875 0.1046875
62 0.50234375 0.56171875 0.11953125 0.1015625
59 0.6421875 0.56171875 0.11796875 0.10390625
53 0.78671875 0.55859375 0.12265625 0.1046875
55 0.9265625 0.5609375 0.11953125 0.10546875
60 0.07109375 0.7328125 0.1203125 0.10234375
13 0.2109375 0.73203125 0.12265625 0.1015625
67 0.35859375 0.7328125 0.11640625 0.10078125
49 0.50234375 0.7328125 0.11875 0.10234375
57 0.6421875 0.7328125 0.11953125 0.10546875
2 0.78671875 0.7328125 0.11640625 0.1015625
54 0.92890625 0.73203125 0.1171875 0.1015625
0 0.06875 0.89453125 0.11640625 0.10234375
68 0.21640625 0.8953125 0.11796875 0.10390625
65 0.35625 0.89453125 0.12265625 0.103125
58 0.503125 0.89453125 0.11953125 0.10390625
6 0.64609375 0.8953125 0.121875 0.103125