84 0.06953125 0.06015625 0.11875 0.1203125
97 0.2109375 0.05859375 0.11796875 0.1171875
93 0.3546875 0.05859375 0.11171875 0.1171875
77 0.49609375 0.05859375 0.1171875 0.1171875
94 0.6390625 0.06015625 0.1234375 0.1203125
96 0.7796875 0.059375 0.115625 0.11875
92 0.92578125 0.06015625 0.1171875 0.11953125
78 0.06640625 0.2953125 0.115625 0.12109375
88 0.21171875 0.2953125 0.12109375 0.125
76 0.35234375 0.29453125 0.11953125 0.1203125
81 0.49609375 0.2953125 0.12265625 0.125
91 0.640625 0.2953125 0.12265625 0.12109375
89 0.7828125 0.29609375 0.11796875 0.121875
82 0.9234375 0.2953125 0.1171875 0.11953125
80 0.0609375 0.49453125 0.11640625 0.1203125
95 0.21328125 0.49609375 0.11640625 0.12109375
85 0.35 0.4953125 0.11953125 0.12421875
90 0.49375 0.4953125 0.1203125 0.12265625
83 0.6453125 0.49609375 0.115625 0.11640625
101 0.77890625 0.49453125 0.11640625 0.12421875
100 0.921875 0.49375 0.1203125 0.12421875
102 0.06484375 0.6640625 0.11328125 0.1265625
72 0.2078125 0.6640625 0.1171875 0.1171875
74 0.35234375 0.6640625 0.11875 0.12578125
75 0.4953125 0.665625 0.1171875 0.128125
73 0.6375 0.6640625 0.128125 0.1265625
99 0.78203125 0.66328125 0.12421875 0.12578125
103 0.92734375 0.6640625 0.121875 0.12265625
86 0.06796875 0.8625 0.10859375 0.12421875
87 0.209375 0.8625 0.11171875 0.125
98 0.35078125 0.8640625 0.1171875 0.12421875